name: CRaftID_paper_py3
channels:
  - conda-forge
  - bioconda
  - r
  - defaults
dependencies:
  - bzip2=1.0.8=h516909a_1
  - ca-certificates=2019.9.11=hecc5488_0
  - cairo=1.16.0=hfb77d84_1002
  - dbus=1.13.6=he372182_0
  - expat=2.2.5=he1b5a44_1004
  - ffmpeg=4.1.3=h167e202_0
  - fontconfig=2.13.1=h86ecdb6_1001
  - freetype=2.10.0=he983fc9_1
  - gettext=0.19.8.1=hc5be6a0_1002
  - giflib=5.1.9=h516909a_0
  - glib=2.58.3=h6f030ca_1002
  - gmp=6.1.2=hf484d3e_1000
  - gnutls=3.6.5=hd3a4fd2_1002
  - graphite2=1.3.13=hf484d3e_1000
  - gst-plugins-base=1.14.5=h0935bb2_0
  - gstreamer=1.14.5=h36ae1b5_0
  - harfbuzz=2.4.0=h9f30f68_3
  - icu=64.2=he1b5a44_1
  - jasper=1.900.1=h07fcdf6_1006
  - jpeg=9c=h14c3975_1001
  - lame=3.100=h14c3975_1001
  - libblas=3.8.0=14_openblas
  - libcblas=3.8.0=14_openblas
  - libclang=9.0.0=hc9558a2_1
  - libgfortran-ng=7.3.0=hdf63c60_2
  - libiconv=1.15=h516909a_1005
  - liblapack=3.8.0=14_openblas
  - liblapacke=3.8.0=14_openblas
  - libllvm9=9.0.0=hc9558a2_2
  - libopenblas=0.3.7=h6e990d7_2
  - libpng=1.6.37=hed695b0_0
  - libtiff=4.0.10=hfc65ed5_1004
  - libuuid=2.32.1=h14c3975_1000
  - libwebp=1.0.2=h576950b_1
  - libxcb=1.13=h14c3975_1002
  - libxkbcommon=0.9.1=hebb1f50_0
  - libxml2=2.9.9=hee79883_5
  - lz4-c=1.8.3=he1b5a44_1001
  - nettle=3.4.1=h1bed415_1002
  - nspr=4.23=he1b5a44_0
  - nss=3.46=he751ad9_0
  - openh264=1.8.0=hdbcaa40_1000
  - openssl=1.1.1c=h516909a_0
  - pcre=8.43=he1b5a44_0
  - pixman=0.38.0=h516909a_1003
  - pthread-stubs=0.4=h14c3975_1001
  - qt=5.12.5=h0c104cb_0
  - x264=1!152.20180806=h14c3975_0
  - xorg-kbproto=1.0.7=h14c3975_1002
  - xorg-libice=1.0.10=h516909a_0
  - xorg-libsm=1.2.3=h84519dc_1000
  - xorg-libx11=1.6.9=h516909a_0
  - xorg-libxau=1.0.9=h14c3975_0
  - xorg-libxdmcp=1.1.3=h516909a_0
  - xorg-libxext=1.3.4=h516909a_0
  - xorg-libxrender=0.9.10=h516909a_1002
  - xorg-renderproto=0.11.1=h14c3975_1002
  - xorg-xextproto=7.3.0=h14c3975_1002
  - xorg-xproto=7.0.31=h14c3975_1007
  - zstd=1.4.3=h3b9ef0a_0
  - _libgcc_mutex=0.1=main
  - backcall=0.1.0=py36_0
  - biopython=1.74=py36h7b6447c_0
  - blas=1.0=openblas
  - certifi=2019.9.11=py36_0
  - decorator=4.4.0=py36_1
  - hdf5=1.10.2=hba1933b_1
  - ipykernel=5.1.2=py36h39e3cac_0
  - ipython=7.8.0=py36h39e3cac_0
  - ipython_genutils=0.2.0=py36_0
  - jedi=0.15.1=py36_0
  - jupyter_client=5.3.4=py36_0
  - jupyter_core=4.6.0=py36_0
  - libedit=3.1.20181209=hc058e9b_0
  - libffi=3.2.1=hd88cf55_4
  - libgcc-ng=9.1.0=hdf63c60_0
  - libsodium=1.0.16=h1bed415_0
  - libstdcxx-ng=9.1.0=hdf63c60_0
  - ncurses=6.1=he6710b0_1
  - numpy=1.17.2=py36hf9bf1b6_0
  - numpy-base=1.17.2=py36h2f8d375_0
  - opencv=3.4.1=py36h6fd60c2_1
  - pandas=0.25.2=py36he6710b0_0
  - parso=0.5.1=py_0
  - pexpect=4.7.0=py36_0
  - pickleshare=0.7.5=py36_0
  - pip=19.3.1=py36_0
  - prompt_toolkit=2.0.10=py_0
  - ptyprocess=0.6.0=py36_0
  - pygments=2.4.2=py_0
  - python=3.6.8=h0371630_0
  - python-dateutil=2.8.0=py36_0
  - pytz=2019.3=py_0
  - pyzmq=18.1.0=py36he6710b0_0
  - readline=7.0=h7b6447c_5
  - setuptools=41.4.0=py36_0
  - six=1.12.0=py36_0
  - sqlite=3.30.0=h7b6447c_0
  - tk=8.6.8=hbc83047_0
  - tornado=6.0.3=py36h7b6447c_0
  - tqdm=4.36.1=py_0
  - traitlets=4.3.3=py36_0
  - wcwidth=0.1.7=py36_0
  - wheel=0.33.6=py36_0
  - xz=5.2.4=h14c3975_4
  - zeromq=4.3.1=he6710b0_3
  - zlib=1.2.11=h7b6447c_3
prefix: /home/ecwheele/anaconda2/envs/CRaftID_paper_py3

